36,35
3,1
3,3
10,170
10,108
10,32
10,166
10,300
10,204
10,2
11,6
11,8
11,20
9,7
9,4
9,6
8,4
8,11
8,16
8,14
8,5
8,3
31,1
31,3
31,2
31,0
29,4
29,3
29,2
29,1
29,0
28,5
28,4
28,3
28,2
28,1
28,0
12,3
12,2
12,1
11,26
11,25
11,24
11,23
11,22
11,19
11,18
11,17
11,16
11,15
20,2
11,14
20,1
11,12
11,11
20,3
11,9
19,2
19,1
11,7
11,5
11,4
11,3
11,2
19,3
11,1
10,308
10,272
10,266
10,263
10,251
10,241
10,238
10,235
10,227
10,208
10,199
10,190
10,182
10,176
10,173
10,158
10,153
10,142
10,141
10,137
10,129
10,123
10,118
10,109
10,103
10,94
